QUOTE_UNIXTIME,QUOTE_READTIME,QUOTE_DATE,QUOTE_TIME_HOURS,UNDERLYING_LAST,EXPIRE_DATE,EXPIRE_UNIX,DTE,C_DELTA,C_GAMMA,C_VEGA,C_THETA,C_RHO,C_IV,C_VOLUME,C_LAST,C_SIZE,C_BID,C_ASK,STRIKE,P_BID,P_ASK,P_SIZE,P_LAST,P_DELTA,P_GAMMA,P_VEGA,P_THETA,P_RHO,P_IV,P_VOLUME,STRIKE_DISTANCE,STRIKE_DISTANCE_PCT,call_mid,put_mid,T,parity_residual,iv_gap,moneyness,side,score,label
1580331600, 2020-01-29 16:00,2020-01-29,16.0,324.34, 2020-03-20,1584734400,50.96, 0.050810, 0.003130, 0.127690, -0.032140, 0.021920,0.27238, 123.000000, 0.680000, 52 x 35,0.65,0.71,385.0,61.05,62.15, 100 x 100, 0.000000, -0.974420, 0.001980, 0.067790, -0.027830, -0.537900,0.22712, ,60.7,0.187,0.6799999999999999,61.599999999999994,0.13961643835616439,-1.9515845551648923,0.04526000000000002,1.1870259604119135,K>S,2.024982697164892,None
1580331600, 2020-01-29 16:00,2020-01-29,16.0,324.34, 2020-03-20,1584734400,50.96, 0.061360, 0.003690, 0.147740, -0.036700, 0.027050,0.26698, 224.000000, 0.930000, 21 x 67,0.79,0.87,380.0,55.99,57.05, 277 x 145, 67.100000, -0.979560, 0.001850, 0.055390, -0.024280, -0.532700,0.20071, 1.000000,55.7,0.172,0.8300000000000001,56.519999999999996,0.13961643835616439,-1.6937390935484018,0.06627,1.1716100388481225,K>S,1.8012091525484017,None
1580331600, 2020-01-29 16:00,2020-01-29,16.0,324.34, 2020-03-20,1584734400,50.96, 0.074060, 0.004390, 0.171770, -0.042010, 0.032510,0.26108, 478.000000, 1.030000, 36 x 36,0.98,1.04,375.0,51.21,52.19, 13 x 157, 58.550000, -0.963170, 0.002940, 0.093200, -0.032020, -0.518910,0.20955, 0.000000,50.7,0.156,1.01,51.7,0.13961643835616439,-1.6658936319319153,0.05152999999999999,1.1561941172843313,K>S,1.7494598329319153,None
1580331600, 2020-01-29 16:00,2020-01-29,16.0,324.34, 2020-03-20,1584734400,50.96, 0.090690, 0.005240, 0.199790, -0.047940, 0.039770,0.25589, 474.000000, 1.460000, 11 x 31,1.22,1.3,370.0,46.4,47.41, 233 x 11, 44.700000, -0.947340, 0.003980, 0.128390, -0.039080, -0.504190,0.21152, 7.000000,45.7,0.141,1.26,46.905,0.13961643835616439,-1.5930481703154769,0.04436999999999999,1.1407781957205403,K>S,1.665002999315477,None
1580331600, 2020-01-29 16:00,2020-01-29,16.0,324.34, 2020-03-20,1584734400,50.96, 0.109380, 0.006120, 0.230110, -0.053930, 0.048330,0.25014, 345.000000, 1.610000, 284 x 65,1.49,1.63,365.0,41.76,42.66, 284 x 71, 40.600000, -0.924040, 0.005280, 0.171050, -0.047620, -0.486750,0.21399, 20.000000,40.7,0.125,1.56,42.209999999999994,0.13961643835616439,-1.5702027086989716,0.03614999999999996,1.1253622741567493,K>S,1.6288271636989715,None
1580331600, 2020-01-29 16:00,2020-01-29,16.0,324.34, 2020-03-06,1583528400,37.0, 0.050320, 0.003670, 0.109400, -0.037970, 0.017030,0.27157, 5.000000, 0.690000, 40 x 24,0.55,0.63,375.0,51.16,52.05, 15 x 31, 0.000000, -0.963140, 0.002970, 0.080340, -0.040860, -0.379220,0.24622, ,50.7,0.156,0.5900000000000001,51.605,0.10136986301369863,-1.5438529263448189,0.025349999999999984,1.1561941172843313,K>S,1.584963021344819,None
1580331600, 2020-01-29 16:00,2020-01-29,16.0,324.34, 2020-03-06,1583528400,37.0, 0.063510, 0.004560, 0.131330, -0.043980, 0.020940,0.26448, 10.000000, 0.860000, 840 x 31,0.69,0.8,370.0,46.3,47.25, 145 x 31, 0.000000, -0.948420, 0.003980, 0.107840, -0.049560, -0.368330,0.24615, ,45.7,0.141,0.745,46.775,0.10136986301369863,-1.5386200016396003,0.018329999999999985,1.1407781957205403,K>S,1.5683457626396002,None
1580331600, 2020-01-29 16:00,2020-01-29,16.0,324.34, 2020-03-20,1584734400,50.96, 0.138190, 0.007210, 0.269990, -0.063030, 0.060280,0.24883, , 2.030000, 11 x 41,2.01,2.1,360.0,37.2,38.05, 90 x 253, 35.050000, -0.894620, 0.006740, 0.219690, -0.057430, -0.466270,0.21632, 72.000000,35.7,0.11,2.0549999999999997,37.625,0.13961643835616439,-1.4623572470824868,0.03250999999999998,1.109946352592958,K>S,1.5150787140824868,None
1580331600, 2020-01-29 16:00,2020-01-29,16.0,324.34, 2020-03-20,1584734400,50.96, 0.170200, 0.008440, 0.309870, -0.070490, 0.073850,0.24513, 679.000000, 2.680000, 15 x 1,2.6,2.63,355.0,32.81,33.55, 156 x 114, 30.700000, -0.859160, 0.008330, 0.270240, -0.067660, -0.444340,0.2176, 20.000000,30.7,0.095,2.615,33.18,0.13961643835616439,-1.4295117854659907,0.02753,1.094530431029167,K>S,1.4741571864659906,None
1580331600, 2020-01-29 16:00,2020-01-29,16.0,324.34, 2020-03-20,1584734400,50.96, 0.257520, 0.010840, 0.394970, -0.089470, 0.110870,0.24403, 706.000000, 4.450000, 10 x 24,4.34,4.51,345.0,24.71,25.4, 103 x 149, 23.130000, -0.760400, 0.011230, 0.377720, -0.092180, -0.386530,0.2249, 34.000000,20.7,0.064,4.425,25.055,0.13961643835616439,-1.4388208622330616,0.019130000000000008,1.0636985879015848,K>S,1.4698439832330616,None
1580331600, 2020-01-29 16:00,2020-01-29,16.0,324.34, 2020-03-20,1584734400,50.96, 0.210410, 0.009710, 0.353160, -0.079520, 0.091140,0.24355, , 3.450000, 58 x 15,3.35,3.45,350.0,28.75,29.24, 191 x 3, 29.000000, -0.812660, 0.009800, 0.326060, -0.080290, -0.416880,0.22132, 664.000000,25.7,0.079,3.4000000000000004,28.994999999999997,0.13961643835616439,-1.4316663238494982,0.02223,1.079114509465376,K>S,1.4677167148494983,None
1580331600, 2020-01-29 16:00,2020-01-29,16.0,324.34, 2020-03-06,1583528400,37.0, 0.081240, 0.005590, 0.157090, -0.051370, 0.026460,0.25806, 24.000000, 1.060000, 1227 x 23,0.91,1.02,365.0,41.35,42.35, 108 x 23, 0.000000, -0.939470, 0.004860, 0.122420, -0.051590, -0.360650,0.23201, ,40.7,0.125,0.9650000000000001,41.85,0.10136986301369863,-1.373387076934371,0.026050000000000018,1.1253622741567493,K>S,1.4156323619343711,None
1580331600, 2020-01-29 16:00,2020-01-29,16.0,324.34, 2020-02-28,1582923600,30.0, 0.080100, 0.006170, 0.140700, -0.055590, 0.021710,0.25404, 106.000000, 1.030000, 1301 x 25,0.79,0.9,360.0,36.5,37.4, 21 x 168, 35.000000, -0.933580, 0.005620, 0.118500, -0.065150, -0.288090,0.23564, 1.000000,35.7,0.11,0.845,36.95,0.0821917808219178,-1.3601468952793283,0.0184,1.109946352592958,K>S,1.3899861752793283,None
1580331600, 2020-01-29 16:00,2020-01-29,16.0,324.34, 2020-03-20,1584734400,50.96, 0.311280, 0.011880, 0.432690, -0.097710, 0.133150,0.24272, , 5.740000, 60 x 59,5.55,5.8,340.0,21.0,21.5, 136 x 79, 20.800000, -0.704110, 0.012540, 0.421320, -0.101060, -0.354720,0.22461, ,15.7,0.048,5.675,21.25,0.13961643835616439,-1.3559754006165683,0.018109999999999987,1.0482826663377938,K>S,1.3853443876165683,None
1580331600, 2020-01-29 16:00,2020-01-29,16.0,324.34, 2020-03-20,1584734400,50.96, 0.500860, 0.013160, 0.486970, -0.110420, 0.204460,0.24879, , 11.550000, 20 x 118,11.4,11.59,325.0,12.0,12.29, 119 x 44, 12.040000, -0.500120, 0.013840, 0.486930, -0.116980, -0.247890,0.2344, 975.000000,0.7,0.002,11.495000000000001,12.145,0.13961643835616439,-1.3474390157670868,0.014390000000000014,1.0020349016464205,K>S,1.3707752787670868,None
1580331600, 2020-01-29 16:00,2020-01-29,16.0,324.34, 2020-03-20,1584734400,50.96, 0.435370, 0.013100, 0.481480, -0.109200, 0.181380,0.24605, , 9.200000, 2 x 19,9.15,9.24,330.0,14.64,14.99, 28 x 123, 14.900000, -0.569900, 0.013830, 0.479410, -0.114390, -0.284380,0.23058, 580.000000,5.7,0.017,9.195,14.815000000000001,0.13961643835616439,-1.3452844773835828,0.015469999999999984,1.0174508232102115,K>S,1.3703721763835828,None
1580331600, 2020-01-29 16:00,2020-01-29,16.0,324.34, 2020-03-06,1583528400,37.0, 0.133420, 0.008300, 0.225740, -0.071290, 0.043000,0.24834, 92.000000, 1.850000, 941 x 15,1.62,1.76,355.0,32.2,32.95, 58 x 36, 39.650000, -0.882560, 0.008040, 0.202920, -0.075250, -0.331690,0.23153, 0.000000,30.7,0.095,1.69,32.575,0.10136986301369863,-1.3329212275238653,0.01680999999999999,1.094530431029167,K>S,1.3601820045238653,None
1580331600, 2020-01-29 16:00,2020-01-29,16.0,324.34, 2020-02-28,1582923600,30.0, 0.047930, 0.003930, 0.095080, -0.039600, 0.013130,0.26955, 31.000000, 0.490000, 21 x 44,0.45,0.54,370.0,45.95,46.9, 146 x 1, 0.000000, -0.985070, 0.001710, 0.031050, -0.031990, -0.310820,0.20308, ,45.7,0.141,0.495,46.425,0.0821917808219178,-1.217969622874925,0.06647,1.1407781957205403,K>S,1.3257640218749251,None
1580331600, 2020-01-29 16:00,2020-01-29,16.0,324.34, 2020-03-06,1583528400,37.0, 0.103200, 0.006780, 0.189440, -0.061040, 0.033430,0.25294, 31.000000, 1.470000, 75 x 25,1.2,1.33,360.0,36.6,37.55, 173 x 44, 0.000000, -0.919390, 0.006190, 0.153210, -0.059790, -0.348630,0.22687, ,35.7,0.11,1.2650000000000001,37.075,0.10136986301369863,-1.2781541522290922,0.02607000000000001,1.109946352592958,K>S,1.3204318712290923,None
1580331600, 2020-01-29 16:00,2020-01-29,16.0,324.34, 2020-03-20,1584734400,50.96, 0.629650, 0.012210, 0.460420, -0.105980, 0.243350,0.2553, , 17.220000, 5 x 34,16.99,17.2,315.0,7.65,7.84, 104 x 41, 7.750000, -0.364990, 0.012790, 0.459250, -0.111200, -0.179480,0.24051, ,9.3,0.029,17.095,7.745,0.13961643835616439,-1.29174809253416,0.014790000000000025,0.9712030585188384,K<S,1.31573303553416,None
1580331600, 2020-01-29 16:00,2020-01-29,16.0,324.34, 2020-03-20,1584734400,50.96, 0.372010, 0.012630, 0.462450, -0.104650, 0.157630,0.2454, , 7.350000, 209 x 24,7.25,7.4,335.0,17.59,18.11, 760 x 60, 17.400000, -0.639150, 0.013440, 0.456490, -0.108980, -0.320450,0.22742, 27.000000,10.7,0.033,7.325,17.85,0.13961643835616439,-1.2781299390000775,0.017979999999999996,1.0328667447740028,K>S,1.3072881050000775,None
1580331600, 2020-01-29 16:00,2020-01-29,16.0,324.34, 2020-03-20,1584734400,50.96, 0.567230, 0.012850, 0.479720, -0.109820, 0.225650,0.25113, , 14.200000, 68 x 29,14.0,14.2,320.0,9.6,9.75, 73 x 21, 9.770000, -0.431010, 0.013600, 0.480070, -0.115390, -0.212850,0.23536, ,4.3,0.013,14.1,9.675,0.13961643835616439,-1.2445935541506525,0.015770000000000006,0.9866189800826294,K<S,1.2701677631506525,None
1580331600, 2020-01-29 16:00,2020-01-29,16.0,324.34, 2020-02-21,1582318800,23.0, 0.034830, 0.003280, 0.063290, -0.035520, 0.007070,0.28158, 975.000000, 0.310000, 151 x 40,0.3,0.32,370.0,45.95,46.8, 25 x 230, 56.520000, -0.993040, 0.000780, 0.010710, -0.032370, -0.242500,0.19718, 1.000000,45.7,0.141,0.31,46.375,0.06301369863013699,-1.1321141412470865,0.0844,1.1407781957205403,K>S,1.2689856212470865,None
1580331600, 2020-01-29 16:00,2020-01-29,16.0,324.34, 2020-03-06,1583528400,37.0, 0.151430, 0.009100, 0.246670, -0.077840, 0.048830,0.24664, 33.000000, 2.200000, 45 x 11,1.9,2.03,352.5,29.86,30.65, 221 x 63, 0.000000, -0.867870, 0.008890, 0.220850, -0.079380, -0.324010,0.22689, ,28.2,0.087,1.9649999999999999,30.255,0.10136986301369863,-1.2278047651712782,0.01974999999999999,1.0868224702472715,K>S,1.2598333401712782,None
1580331600, 2020-01-29 16:00,2020-01-29,16.0,324.34, 2020-02-21,1582318800,23.0, 0.044910, 0.004250, 0.078620, -0.041910, 0.009580,0.27082, 767.000000, 0.470000, 29 x 21,0.39,0.43,365.0,41.1,41.95, 15 x 21, 48.500000, -0.974030, 0.002890, 0.046900, -0.050590, -0.234990,0.23349, 0.000000,40.7,0.125,0.41000000000000003,41.525000000000006,0.06301369863013699,-1.1695272710898053,0.03733,1.1253622741567493,K>S,1.2300653320898052,None
1580331600, 2020-01-29 16:00,2020-01-29,16.0,324.34, 2020-02-28,1582923600,30.0, 0.285490, 0.015060, 0.320960, -0.118210, 0.073700,0.23895, 75.000000, 4.060000, 63 x 55,3.74,4.0,337.5,17.1,17.7, 54 x 41, 0.000000, -0.722220, 0.015400, 0.315820, -0.133580, -0.213670,0.22921, ,13.2,0.041,3.87,17.4,0.0821917808219178,-1.2112957581890917,0.009739999999999999,1.0405747055558983,K>S,1.2270911161890918,None
1580331600, 2020-01-29 16:00,2020-01-29,16.0,324.34, 2020-02-28,1582923600,30.0, 0.251420, 0.014020, 0.301710, -0.111600, 0.065790,0.24064, 842.000000, 3.450000, 245 x 43,3.19,3.39,340.0,19.0,19.61, 86 x 13, 18.650000, -0.757910, 0.014320, 0.293230, -0.125470, -0.225540,0.22901, 6.000000,15.7,0.048,3.29,19.305,0.0821917808219178,-1.2045014400880092,0.011630000000000001,1.0482826663377938,K>S,1.2233618110880091,None
1580331600, 2020-01-29 16:00,2020-01-29,16.0,324.34, 2020-02-28,1582923600,30.0, 0.218630, 0.013050, 0.279350, -0.103370, 0.056900,0.24033, 55.000000, 2.960000, 51 x 49,2.67,2.83,342.5,20.95,21.55, 166 x 69, 34.850000, -0.792020, 0.013230, 0.269030, -0.115920, -0.235750,0.22751, 2.000000,18.2,0.056,2.75,21.25,0.0821917808219178,-1.197707121986923,0.012819999999999998,1.0559906271196893,K>S,1.218497315986923,None
1580331600, 2020-01-29 16:00,2020-01-29,16.0,324.34, 2020-03-20,1584734400,50.96, 0.824620, 0.007600, 0.312030, -0.076880, 0.252870,0.28191, 174.000000, 32.250000, 259 x 121,31.8,32.64,295.0,2.83,2.89, 11 x 1, 2.870000, -0.161980, 0.007670, 0.299010, -0.077210, -0.078940,0.26215, 755.000000,29.3,0.09,32.22,2.8600000000000003,0.13961643835616439,-1.170366246068184,0.01976,0.909539372263674,K<S,1.202411038068184,None
1580331600, 2020-01-29 16:00,2020-01-29,16.0,324.34, 2020-03-06,1583528400,37.0, 0.172370, 0.009880, 0.267420, -0.084060, 0.055250,0.24535, 163.000000, 2.800000, 85 x 7,2.21,2.37,350.0,27.65,28.41, 138 x 21, 27.430000, -0.848030, 0.009900, 0.243640, -0.085180, -0.315910,0.2256, 1.000000,25.7,0.079,2.29,28.03,0.10136986301369863,-1.1676883028186396,0.019750000000000018,1.079114509465376,K>S,1.1997168778186396,None
1580331600, 2020-01-29 16:00,2020-01-29,16.0,324.34, 2020-02-28,1582923600,30.0, 0.108020, 0.007870, 0.176110, -0.067810, 0.028590,0.24935, 63.000000, 1.260000, 20 x 35,1.15,1.23,355.0,31.76,32.45, 77 x 49, 39.000000, -0.916650, 0.007140, 0.142490, -0.071130, -0.279330,0.22224, 0.000000,30.7,0.095,1.19,32.105000000000004,0.0821917808219178,-1.153735531481498,0.027109999999999995,1.094530431029167,K>S,1.197699818481498,None
1580331600, 2020-01-29 16:00,2020-01-29,16.0,324.34, 2020-03-06,1583528400,37.0, 0.312240, 0.013860, 0.370150, -0.114780, 0.098620,0.24456, 48.000000, 4.970000, 99 x 57,4.8,5.05,337.5,17.9,18.55, 368 x 42, 0.000000, -0.697070, 0.014360, 0.363750, -0.122620, -0.254280,0.23209, ,13.2,0.041,4.925,18.225,0.10136986301369863,-1.1771059910555444,0.012470000000000009,1.0405747055558983,K>S,1.1973285900555444,None
1580331600, 2020-01-29 16:00,2020-01-29,16.0,324.34, 2020-03-06,1583528400,37.0, 0.220560, 0.011610, 0.310420, -0.095810, 0.070810,0.2438, 157.000000, 3.800000, 71 x 29,2.99,3.2,345.0,23.5,24.19, 45 x 62, 0.000000, -0.795580, 0.011880, 0.294530, -0.100680, -0.293270,0.22695, ,20.7,0.064,3.095,23.845,0.10136986301369863,-1.1574553781134114,0.016849999999999976,1.0636985879015848,K>S,1.1847810231134113,None
1580331600, 2020-01-29 16:00,2020-01-29,16.0,324.34, 2020-02-28,1582923600,30.0, 0.142340, 0.009760, 0.212860, -0.080480, 0.037740,0.24375, 479.000000, 1.860000, 45 x 69,1.54,1.7,350.0,27.3,27.79, 62 x 49, 25.150000, -0.878390, 0.009510, 0.189140, -0.087330, -0.264550,0.22285, 30.000000,25.7,0.079,1.62,27.545,0.0821917808219178,-1.1473241676836672,0.020900000000000002,1.079114509465376,K>S,1.1812176976836672,None
1580331600, 2020-01-29 16:00,2020-01-29,16.0,324.34, 2020-02-21,1582318800,23.0, 0.060120, 0.005510, 0.099570, -0.051310, 0.012360,0.26131, , 0.550000, 11 x 28,0.53,0.55,360.0,36.2,37.05, 81 x 15, 34.600000, -0.960940, 0.004230, 0.066880, -0.058840, -0.229300,0.22817, 4.000000,35.7,0.11,0.54,36.625,0.06301369863013699,-1.1269404009325044,0.033139999999999975,1.109946352592958,K>S,1.1806835389325043,None
1580331600, 2020-01-29 16:00,2020-01-29,16.0,324.34, 2020-03-06,1583528400,37.0, 0.458100, 0.015470, 0.414640, -0.128800, 0.140370,0.24621, 170.000000, 9.150000, 23 x 45,8.4,8.75,327.5,11.7,12.1, 83 x 35, 11.700000, -0.544090, 0.015970, 0.413650, -0.138330, -0.196280,0.23637, 100.000000,3.2,0.01,8.575,11.899999999999999,0.10136986301369863,-1.1616401416450906,0.009840000000000015,1.009742862428316,K>S,1.1775976696450905,None
1580331600, 2020-01-29 16:00,2020-01-29,16.0,324.34, 2020-02-28,1582923600,30.0, 0.124660, 0.008810, 0.194460, -0.073990, 0.032730,0.24687, 25.000000, 1.710000, 21 x 21,1.34,1.44,352.5,29.49,30.1, 72 x 21, 28.080000, -0.898290, 0.008270, 0.164420, -0.078580, -0.273010,0.22234, 4.000000,28.2,0.087,1.3900000000000001,29.795,0.0821917808219178,-1.135529849582582,0.024529999999999996,1.0868224702472715,K>S,1.175310150582582,None
1580331600, 2020-01-29 16:00,2020-01-29,16.0,324.34, 2020-02-28,1582923600,30.0, 0.535440, 0.017270, 0.374800, -0.138660, 0.130330,0.24655, 160.000000, 10.000000, 42 x 40,9.64,10.06,322.5,8.19,8.56, 62 x 74, 8.100000, -0.464390, 0.017610, 0.375040, -0.155850, -0.134690,0.23869, 205.000000,1.8,0.006,9.850000000000001,8.375,0.0821917808219178,-1.157061666795606,0.007859999999999978,0.994326940864525,K<S,1.169808228795606,None
1580331600, 2020-01-29 16:00,2020-01-29,16.0,324.34, 2020-03-06,1583528400,37.0, 0.195790, 0.010780, 0.288580, -0.090360, 0.062190,0.24509, 120.000000, 3.150000, 46 x 22,2.61,2.75,347.5,25.55,26.25, 45 x 70, 0.000000, -0.824180, 0.010910, 0.268950, -0.092620, -0.304910,0.22606, ,23.2,0.071,2.6799999999999997,25.9,0.10136986301369863,-1.137571840465995,0.01902999999999999,1.0714065486834803,K>S,1.1684327914659949,None
1580331600, 2020-01-29 16:00,2020-01-29,16.0,324.34, 2020-03-20,1584734400,50.96, 0.686570, 0.011180, 0.431960, -0.101860, 0.255330,0.26281, 792.000000, 20.430000, 81 x 100,20.45,20.7,310.0,6.0,6.2, 105 x 64, 6.050000, -0.303430, 0.011690, 0.427420, -0.104650, -0.149390,0.2453, ,14.3,0.044,20.575,6.1,0.13961643835616439,-1.1389026309176646,0.017509999999999998,0.9557871369550472,K<S,1.1672985979176647,None
1580331600, 2020-01-29 16:00,2020-01-29,16.0,324.34, 2020-03-06,1583528400,37.0, 0.280060, 0.013170, 0.352490, -0.108920, 0.088240,0.24421, 377.000000, 4.250000, 47 x 59,4.15,4.36,340.0,19.7,20.3, 460 x 34, 19.450000, -0.732520, 0.013650, 0.342850, -0.115100, -0.267480,0.22988, 9.000000,15.7,0.048,4.255000000000001,20.0,0.10136986301369863,-1.1322224534081844,0.01433000000000001,1.0482826663377938,K>S,1.1554614144081845,None
1580331600, 2020-01-29 16:00,2020-01-29,16.0,324.34, 2020-03-06,1583528400,37.0, 0.346370, 0.014480, 0.386010, -0.118750, 0.108240,0.24317, 111.000000, 5.740000, 265 x 40,5.5,5.81,335.0,16.09,16.75, 466 x 62, 16.150000, -0.661700, 0.015080, 0.381380, -0.126460, -0.240930,0.23146, 50.000000,10.7,0.033,5.654999999999999,16.42,0.10136986301369863,-1.1319895287029613,0.011709999999999998,1.0328667447740028,K>S,1.1509796357029614,None
1580331600, 2020-01-29 16:00,2020-01-29,16.0,324.34, 2020-03-20,1584734400,50.96, 0.784320, 0.008840, 0.355650, -0.086800, 0.259890,0.27752, 985.000000, 28.170000, 84 x 105,28.0,28.35,300.0,3.66,3.8, 11 x 88, 3.690000, -0.202350, 0.008940, 0.344510, -0.087700, -0.098840,0.25664, ,24.3,0.075,28.175,3.73,0.13961643835616439,-1.1132117076846768,0.02088000000000001,0.9249552938274651,K<S,1.147072803684677,None
1580331600, 2020-01-29 16:00,2020-01-29,16.0,324.34, 2020-03-06,1583528400,37.0, 0.249400, 0.012400, 0.332450, -0.102910, 0.079310,0.24457, 160.000000, 4.300000, 42 x 95,3.56,3.75,342.5,21.5,22.25, 211 x 87, 0.000000, -0.765620, 0.012810, 0.319740, -0.107990, -0.281630,0.22773, ,18.2,0.056,3.6550000000000002,21.875,0.10136986301369863,-1.1173389157607687,0.01684000000000002,1.0559906271196893,K>S,1.1446483437607688,None
1580331600, 2020-01-29 16:00,2020-01-29,16.0,324.34, 2020-03-20,1584734400,50.96, 0.738620, 0.010030, 0.396310, -0.094360, 0.261250,0.27049, 368.000000, 24.100000, 85 x 175,24.0,24.5,305.0,4.7,4.85, 47 x 44, 4.660000, -0.249470, 0.010390, 0.387720, -0.097350, -0.121620,0.25059, ,19.3,0.06,24.25,4.775,0.13961643835616439,-1.1110571693011693,0.01990000000000003,0.9403712153912561,K<S,1.1433289993011693,None
1580331600, 2020-01-29 16:00,2020-01-29,16.0,324.34, 2020-02-28,1582923600,30.0, 0.577970, 0.016840, 0.368350, -0.136640, 0.139080,0.24843, 730.000000, 11.500000, 87 x 49,11.06,11.45,320.0,7.11,7.4, 52 x 67, 7.000000, -0.420590, 0.017280, 0.369360, -0.153150, -0.121750,0.23933, 239.000000,4.3,0.013,11.254999999999999,7.255000000000001,0.0821917808219178,-1.1238559848966947,0.009100000000000025,0.9866189800826294,K<S,1.1386134548966946,None
1580331600, 2020-01-29 16:00,2020-01-29,16.0,324.34, 2020-03-06,1583528400,37.0, 0.420590, 0.015230, 0.408940, -0.126640, 0.129480,0.24644, 278.000000, 7.830000, 23 x 45,7.35,7.71,330.0,13.05,13.55, 778 x 31, 13.090000, -0.584260, 0.015890, 0.406930, -0.136010, -0.210870,0.23432, 145.000000,5.7,0.017,7.529999999999999,13.3,0.10136986301369863,-1.1167566039976773,0.012119999999999992,1.0174508232102115,K>S,1.1364116079976774,None
1580331600, 2020-01-29 16:00,2020-01-29,16.0,324.34, 2020-02-21,1582318800,23.0, 0.081950, 0.007140, 0.125490, -0.063400, 0.016990,0.25249, 795.000000, 0.770000, 8 x 16,0.74,0.79,355.0,31.5,32.15, 80 x 45, 29.350000, -0.938380, 0.006240, 0.098060, -0.072970, -0.221320,0.22765, 75.000000,30.7,0.095,0.765,31.825,0.06301369863013699,-1.0893535307751527,0.02484,1.094530431029167,K>S,1.1296365587751527,None
1580331600, 2020-01-29 16:00,2020-01-29,16.0,324.34, 2020-02-21,1582318800,23.0, 0.298140, 0.017460, 0.288020, -0.137140, 0.059780,0.24059, , 3.740000, 100 x 45,3.6,3.7,335.0,14.71,14.86, 11 x 72, 14.410000, -0.707020, 0.017710, 0.284160, -0.159700, -0.160520,0.23275, 582.000000,10.7,0.033,3.6500000000000004,14.785,0.06301369863013699,-1.1140060501459832,0.007839999999999986,1.0328667447740028,K>S,1.1267201781459832,None
1580331600, 2020-01-29 16:00,2020-01-29,16.0,324.34, 2020-03-06,1583528400,37.0, 0.535990, 0.015280, 0.414730, -0.129900, 0.159800,0.25022, 166.000000, 11.250000, 42 x 45,10.85,11.25,322.5,9.25,9.41, 12 x 15, 9.300000, -0.463720, 0.015880, 0.414810, -0.139030, -0.166550,0.23855, 42.000000,1.8,0.006,11.05,9.33,0.10136986301369863,-1.0964072169398644,0.011669999999999986,0.994326940864525,K<S,1.1153324559398643,None
1580331600, 2020-01-29 16:00,2020-01-29,16.0,324.34, 2020-03-06,1583528400,37.0, 0.497170, 0.015280, 0.416240, -0.130930, 0.150950,0.24959, 547.000000, 9.800000, 1 x 40,9.71,9.95,325.0,10.45,10.75, 87 x 31, 10.300000, -0.504250, 0.015970, 0.416210, -0.139590, -0.180740,0.23908, 180.000000,0.7,0.002,9.83,10.6,0.10136986301369863,-1.0965236792924493,0.01051000000000002,1.0020349016464205,K>S,1.1135677462924494,None
1580331600, 2020-01-29 16:00,2020-01-29,16.0,324.34, 2020-02-28,1582923600,30.0, 0.164740, 0.010890, 0.234410, -0.087470, 0.043650,0.24166, 32.000000, 2.250000, 52 x 60,1.85,2.01,347.5,24.96,25.61, 188 x 76, 0.000000, -0.857930, 0.010770, 0.209950, -0.093330, -0.257260,0.21881, ,23.2,0.071,1.93,25.285,0.0821917808219178,-1.0691184857847524,0.02285000000000001,1.0714065486834803,K>S,1.1061743307847525,None
1580331600, 2020-01-29 16:00,2020-01-29,16.0,324.34, 2020-02-28,1582923600,30.0, 0.190240, 0.011910, 0.256990, -0.095480, 0.049790,0.24068, 146.000000, 2.820000, 47 x 45,2.22,2.41,345.0,22.91,23.45, 74 x 58, 22.000000, -0.828720, 0.012060, 0.238290, -0.103430, -0.248220,0.22115, 2.000000,20.7,0.064,2.3150000000000004,23.18,0.0821917808219178,-1.070912803885836,0.019529999999999992,1.0636985879015848,K>S,1.1025846048858359,None
1580331600, 2020-01-29 16:00,2020-01-29,16.0,324.34, 2020-03-06,1583528400,37.0, 0.382270, 0.014950, 0.399220, -0.123760, 0.119050,0.24486, 74.000000, 6.650000, 19 x 55,6.4,6.7,332.5,14.45,15.1, 348 x 170, 0.000000, -0.624420, 0.015570, 0.396010, -0.131260, -0.225580,0.23219, ,8.2,0.025,6.550000000000001,14.774999999999999,0.10136986301369863,-1.0818730663503153,0.012669999999999987,1.025158783992107,K>S,1.1024200053503153,None
1580331600, 2020-01-29 16:00,2020-01-29,16.0,324.34, 2020-03-06,1583528400,37.0, 0.573440, 0.014810, 0.409660, -0.129790, 0.169050,0.25447, 616.000000, 12.840000, 11 x 43,12.4,12.66,320.0,8.15,8.45, 61 x 52, 7.720000, -0.424600, 0.015370, 0.408970, -0.138540, -0.152360,0.24337, 113.000000,4.3,0.013,12.530000000000001,8.3,0.10136986301369863,-1.0762907545872231,0.011099999999999971,0.9866189800826294,K<S,1.0942916245872232,None
1580331600, 2020-01-29 16:00,2020-01-29,16.0,324.34, 2020-02-21,1582318800,23.0, 0.219980, 0.014890, 0.246550, -0.117000, 0.044490,0.24031, , 2.450000, 10 x 14,2.39,2.5,340.0,18.45,18.6, 16 x 15, 17.000000, -0.789630, 0.015050, 0.238440, -0.136390, -0.180660,0.22838, 235.000000,15.7,0.048,2.4450000000000003,18.525,0.06301369863013699,-1.0715929203032744,0.011929999999999996,1.0482826663377938,K>S,1.0909398013032743,None
1580331600, 2020-01-29 16:00,2020-01-29,16.0,324.34, 2020-02-21,1582318800,23.0, 0.112710, 0.009330, 0.160030, -0.078420, 0.023320,0.24571, , 1.100000, 8 x 1,1.07,1.11,350.0,26.75,27.5, 219 x 35, 25.700000, -0.906610, 0.008760, 0.136370, -0.089280, -0.211070,0.22438, 12.000000,25.7,0.079,1.09,27.125,0.06301369863013699,-1.0517666606178615,0.021330000000000016,1.079114509465376,K>S,1.0863575216178616,None
1580331600, 2020-01-29 16:00,2020-01-29,16.0,324.34, 2020-02-28,1582923600,30.0, 0.697070, 0.014770, 0.328680, -0.123830, 0.155330,0.25723, 566.000000, 16.820000, 36 x 56,15.95,16.35,312.5,4.5,4.74, 57 x 37, 3.900000, -0.299990, 0.014900, 0.327860, -0.137940, -0.086100,0.24747, 123.000000,11.8,0.036,16.15,4.62,0.0821917808219178,-1.0692389392000088,0.009760000000000019,0.9634950977369428,K<S,1.0850667312000088,None
1580331600, 2020-01-29 16:00,2020-01-29,16.0,324.34, 2020-02-28,1582923600,30.0, 0.618690, 0.016190, 0.358800, -0.134890, 0.145140,0.25238, 103.000000, 13.450000, 38 x 40,12.6,13.06,317.5,6.16,6.4, 7 x 119, 6.000000, -0.378410, 0.016590, 0.358680, -0.149740, -0.109510,0.24246, 201.000000,6.8,0.021,12.83,6.28,0.0821917808219178,-1.0656503029977786,0.009919999999999984,0.9789110193007339,K<S,1.0817375669977787,None
1580331600, 2020-01-29 16:00,2020-01-29,16.0,324.34, 2020-02-28,1582923600,30.0, 0.406030, 0.016940, 0.365950, -0.136570, 0.102840,0.24306, 681.000000, 6.540000, 13 x 242,6.25,6.6,330.0,12.16,12.49, 75 x 2, 12.050000, -0.599410, 0.017660, 0.364420, -0.150140, -0.175620,0.23115, 102.000000,5.7,0.017,6.425,12.325,0.0821917808219178,-1.0566787124923502,0.011910000000000004,1.0174508232102115,K>S,1.0759931594923502,None
1580331600, 2020-01-29 16:00,2020-01-29,16.0,324.34, 2020-02-21,1582318800,23.0, 0.388090, 0.019300, 0.317710, -0.150090, 0.076290,0.24002, , 5.260000, 6 x 10,5.2,5.3,330.0,11.26,11.4, 6 x 61, 11.000000, -0.616210, 0.019820, 0.316520, -0.172350, -0.138410,0.23107, 624.000000,5.7,0.017,5.25,11.33,0.06301369863013699,-1.0464191799886908,0.008950000000000014,1.0174508232102115,K>S,1.0609333949886908,None
1580331600, 2020-01-29 16:00,2020-01-29,16.0,324.34, 2020-03-06,1583528400,37.0, 0.679410, 0.013270, 0.373390, -0.120000, 0.189120,0.26085, 24.000000, 19.100000, 53 x 59,17.0,17.56,312.5,5.44,5.65, 104 x 34, 4.820000, -0.314620, 0.013640, 0.370880, -0.127740, -0.112570,0.24888, 57.000000,11.8,0.036,17.28,5.545,0.10136986301369863,-1.0409413675293546,0.011970000000000036,0.9634950977369428,K<S,1.0603531165293547,None
1580331600, 2020-01-29 16:00,2020-01-29,16.0,324.34, 2020-02-28,1582923600,30.0, 0.790090, 0.011650, 0.270840, -0.105600, 0.158250,0.27188, 23.000000, 23.900000, 40 x 66,21.69,22.3,305.0,2.82,3.1, 2 x 757, 2.900000, -0.205840, 0.011540, 0.268580, -0.117470, -0.058980,0.2607, 407.000000,19.3,0.06,21.995,2.96,0.0821917808219178,-1.0396218935032628,0.011180000000000023,0.9403712153912561,K<S,1.0577524995032628,None
1580331600, 2020-01-29 16:00,2020-01-29,16.0,324.34, 2020-03-06,1583528400,37.0, 0.741270, 0.011750, 0.337390, -0.109590, 0.194410,0.26783, 6.000000, 22.400000, 48 x 300,20.6,21.25,307.5,4.1,4.3, 69 x 50, 4.070000, -0.252450, 0.011900, 0.333600, -0.116270, -0.089440,0.25498, 120.000000,16.8,0.052,20.925,4.199999999999999,0.10136986301369863,-1.0307084428241282,0.012850000000000028,0.9480791761731517,K<S,1.0515472878241283,None
1580331600, 2020-01-29 16:00,2020-01-29,16.0,324.34, 2020-02-21,1582318800,23.0, 0.159740, 0.012020, 0.202800, -0.097880, 0.032840,0.24342, , 1.630000, 9 x 1,1.64,1.67,345.0,22.39,22.95, 131 x 126, 22.300000, -0.856120, 0.011900, 0.186230, -0.111990, -0.197390,0.22578, 95.000000,20.7,0.064,1.6549999999999998,22.67,0.06301369863013699,-1.0191797904605693,0.01763999999999999,1.0636985879015848,K>S,1.0477865784605693,None
1580331600, 2020-01-29 16:00,2020-01-29,16.0,324.34, 2020-02-28,1582923600,30.0, 0.324180, 0.015880, 0.339500, -0.125110, 0.083160,0.2409, 183.000000, 4.860000, 91 x 94,4.5,4.75,335.0,15.2,15.75, 153 x 61, 13.200000, -0.686930, 0.016510, 0.333740, -0.137770, -0.201770,0.226, 5.000000,10.7,0.033,4.625,15.475,0.0821917808219178,-1.0230900762901793,0.014899999999999997,1.0328667447740028,K>S,1.0472534062901793,None
1580331600, 2020-01-29 16:00,2020-01-29,16.0,324.34, 2020-03-06,1583528400,37.0, 0.610290, 0.014460, 0.400470, -0.127220, 0.176350,0.25614, 45.000000, 15.600000, 31 x 549,13.75,14.24,317.5,7.15,7.3, 48 x 16, 6.850000, -0.385910, 0.015000, 0.399460, -0.135160, -0.137920,0.24375, 123.000000,6.8,0.021,13.995000000000001,7.225,0.10136986301369863,-1.0261742922346375,0.012389999999999984,0.9789110193007339,K<S,1.0462671552346374,None
1580331600, 2020-01-29 16:00,2020-01-29,16.0,324.34, 2020-03-06,1583528400,37.0, 0.711640, 0.012590, 0.356200, -0.114620, 0.192080,0.26451, 487.000000, 18.900000, 30 x 323,18.76,19.35,310.0,4.7,4.85, 58 x 11, 4.800000, -0.281060, 0.012840, 0.352660, -0.121590, -0.099460,0.2504, 294.000000,14.3,0.044,19.055,4.775,0.10136986301369863,-0.9858249051767718,0.014110000000000011,0.9557871369550472,K<S,1.0087070921767718,None
1580331600, 2020-01-29 16:00,2020-01-29,16.0,324.34, 2020-03-06,1583528400,37.0, 0.768430, 0.010990, 0.317400, -0.104430, 0.194910,0.27213, 28.000000, 24.470000, 31 x 248,22.56,23.2,305.0,3.55,3.69, 49 x 45, 3.040000, -0.223310, 0.011060, 0.311940, -0.109700, -0.079090,0.25797, 149.000000,19.3,0.06,22.88,3.62,0.10136986301369863,-0.985591980471547,0.014160000000000006,0.9403712153912561,K<S,1.0085552524715469,None
1580331600, 2020-01-29 16:00,2020-01-29,16.0,324.34, 2020-02-28,1582923600,30.0, 0.365140, 0.016450, 0.354450, -0.132340, 0.092740,0.2424, 166.000000, 6.450000, 52 x 22,5.39,5.6,332.5,13.61,14.0, 64 x 4, 12.380000, -0.644500, 0.017270, 0.350850, -0.143810, -0.188750,0.22772, 2.000000,8.2,0.025,5.494999999999999,13.805,0.0821917808219178,-0.9748843943912657,0.014679999999999999,1.025158783992107,K>S,0.9986909503912658,None
1580331600, 2020-01-29 16:00,2020-01-29,16.0,324.34, 2020-03-06,1583528400,37.0, 0.792330, 0.010070, 0.297640, -0.098000, 0.193960,0.27641, 10.000000, 27.040000, 36 x 205,24.54,25.24,302.5,3.05,3.2, 83 x 26, 2.640000, -0.197600, 0.010190, 0.290760, -0.102870, -0.069820,0.26055, 52.000000,21.8,0.067,24.89,3.125,0.10136986301369863,-0.9704755181189029,0.015859999999999985,0.9326632546093606,K<S,0.9961956801189028,None
1580331600, 2020-01-29 16:00,2020-01-29,16.0,324.34, 2020-03-06,1583528400,37.0, 0.644860, 0.013870, 0.388070, -0.124750, 0.183190,0.26018, 155.000000, 16.740000, 73 x 59,15.35,15.94,315.0,6.25,6.4, 48 x 22, 6.200000, -0.349560, 0.014360, 0.387250, -0.131110, -0.124530,0.24598, 99.000000,9.3,0.029,15.645,6.325,0.10136986301369863,-0.9660578298819971,0.014200000000000018,0.9712030585188384,K<S,0.989085969881997,None
1580331600, 2020-01-29 16:00,2020-01-29,16.0,324.34, 2020-02-21,1582318800,23.0, 0.535970, 0.019690, 0.329610, -0.156070, 0.101590,0.24569, , 8.800000, 6 x 73,8.65,8.8,322.5,7.2,7.3, 1 x 50, 7.160000, -0.463790, 0.020150, 0.329610, -0.177280, -0.103100,0.23666, ,1.8,0.006,8.725000000000001,7.25,0.06301369863013699,-0.9725388747526935,0.009029999999999982,0.994326940864525,K<S,0.9871828257526934,None
1580331600, 2020-01-29 16:00,2020-01-29,16.0,324.34, 2020-02-28,1582923600,30.0, 0.448820, 0.017190, 0.373040, -0.139300, 0.112460,0.24582, 361.000000, 7.710000, 55 x 67,7.41,7.6,327.5,10.64,11.0, 75 x 31, 10.300000, -0.555010, 0.017970, 0.372210, -0.152850, -0.161810,0.23209, 62.000000,3.2,0.01,7.505,10.82,0.0821917808219178,-0.9634730305934367,0.01373000000000002,1.009742862428316,K>S,0.9857389715934367,None
1580331600, 2020-01-29 16:00,2020-01-29,16.0,324.34, 2020-02-28,1582923600,30.0, 0.760080, 0.012710, 0.292010, -0.113140, 0.158390,0.26827, 48.000000, 20.150000, 2 x 305,19.74,20.29,307.5,3.3,3.49, 37 x 72, 2.750000, -0.233500, 0.012730, 0.288450, -0.124110, -0.066640,0.25508, 230.000000,16.8,0.052,20.015,3.395,0.0821917808219178,-0.9628275754021764,0.013190000000000035,0.9480791761731517,K<S,0.9842177984021765,None
1580331600, 2020-01-29 16:00,2020-01-29,16.0,324.34, 2020-02-21,1582318800,23.0, 0.436850, 0.019740, 0.327390, -0.154180, 0.085110,0.24188, , 6.390000, 41 x 63,6.2,6.35,327.5,9.7,9.85, 52 x 59, 9.920000, -0.566800, 0.020460, 0.326050, -0.174920, -0.126830,0.23094, 876.000000,3.2,0.01,6.275,9.774999999999999,0.06301369863013699,-0.9601257449099858,0.010940000000000005,1.009742862428316,K>S,0.9778671429099858,None
1580331600, 2020-01-29 16:00,2020-01-29,16.0,324.34, 2020-02-21,1582318800,23.0, 0.487490, 0.019610, 0.330830, -0.157930, 0.094210,0.24673, , 7.540000, 15 x 82,7.44,7.6,325.0,8.46,8.59, 67 x 5, 8.550000, -0.514210, 0.020240, 0.330940, -0.179700, -0.115530,0.2362, ,0.7,0.002,7.52,8.525,0.06301369863013699,-0.958832309831342,0.010530000000000012,1.0020349016464205,K>S,0.9759088108313421,None
1580331600, 2020-01-29 16:00,2020-01-29,16.0,324.34, 2020-02-28,1582923600,30.0, 0.814600, 0.010600, 0.250000, -0.098790, 0.155610,0.27749, 3.000000, 26.000000, 35 x 127,23.81,24.4,302.5,2.43,2.55, 70 x 31, 2.510000, -0.178520, 0.010450, 0.246030, -0.108600, -0.050810,0.2637, 186.000000,21.8,0.067,24.104999999999997,2.49,0.0821917808219178,-0.9514162116043536,0.013790000000000024,0.9326632546093606,K<S,0.9737794546043537,None
1580331600, 2020-01-29 16:00,2020-01-29,16.0,324.34, 2020-02-21,1582318800,23.0, 0.342260, 0.018450, 0.304730, -0.144240, 0.068480,0.24004, 985.000000, 4.450000, 44 x 70,4.35,4.44,332.5,12.8,12.95, 70 x 100, 12.500000, -0.665520, 0.019180, 0.301400, -0.163740, -0.150080,0.22768, 122.000000,8.2,0.025,4.395,12.875,0.06301369863013699,-0.9527126150673375,0.01236000000000001,1.025158783992107,K>S,0.9727568270673376,None
1580331600, 2020-01-29 16:00,2020-01-29,16.0,324.34, 2020-02-21,1582318800,23.0, 0.258090, 0.016200, 0.269060, -0.128220, 0.052190,0.24032, , 3.000000, 6 x 40,2.97,3.05,337.5,16.39,16.55, 11 x 86, 16.050000, -0.755380, 0.016630, 0.260370, -0.144820, -0.171320,0.22535, 93.000000,13.2,0.041,3.01,16.47,0.06301369863013699,-0.9452994852246288,0.014970000000000011,1.0405747055558983,K>S,0.9695763342246289,None
1580331600, 2020-01-29 16:00,2020-01-29,16.0,324.34, 2020-02-28,1582923600,30.0, 0.491790, 0.017300, 0.375830, -0.140460, 0.121350,0.24639, , 8.650000, 10 x 62,8.49,8.75,325.0,9.34,9.5, 225 x 200, 9.500000, -0.509570, 0.018130, 0.375710, -0.153260, -0.148830,0.23201, 862.000000,0.7,0.002,8.620000000000001,9.42,0.0821917808219178,-0.9402673486945208,0.014380000000000004,1.0020349016464205,K>S,0.9635873946945208,None
1580331600, 2020-01-29 16:00,2020-01-29,16.0,324.34, 2020-02-21,1582318800,23.0, 0.716260, 0.016240, 0.280440, -0.135780, 0.121690,0.25933, 187.000000, 17.050000, 5 x 21,15.15,15.3,312.5,3.7,3.79, 21 x 73, 3.750000, -0.280900, 0.016220, 0.280140, -0.154690, -0.062730,0.25069, 286.000000,11.8,0.036,15.225000000000001,3.745,0.06301369863013699,-0.9423651344381092,0.008639999999999981,0.9634950977369428,K<S,0.9563766224381092,None
1580331600, 2020-01-29 16:00,2020-01-29,16.0,324.34, 2020-02-21,1582318800,23.0, 0.817990, 0.012320, 0.218510, -0.106880, 0.120890,0.27399, 315.000000, 21.620000, 124 x 119,21.06,21.34,305.0,2.19,2.28, 20 x 3, 2.220000, -0.181660, 0.011930, 0.218600, -0.126150, -0.040530,0.2649, ,19.3,0.06,21.2,2.235,0.06301369863013699,-0.9384848292021708,0.009089999999999987,0.9403712153912561,K<S,0.9532260822021708,None
1580331600, 2020-01-29 16:00,2020-01-29,16.0,324.34, 2020-03-06,1583528400,37.0, 0.813040, 0.009230, 0.278810, -0.094000, 0.191640,0.28304, 8.000000, 28.950000, 90 x 38,26.7,27.4,300.0,2.68,2.81, 19 x 15, 2.680000, -0.175540, 0.009250, 0.269700, -0.097330, -0.061900,0.26644, 226.000000,24.3,0.075,27.049999999999997,2.745,0.10136986301369863,-0.9203590557662658,0.016600000000000004,0.9249552938274651,K<S,0.9472792757662658,None
1580331600, 2020-01-29 16:00,2020-01-29,16.0,324.34, 2020-02-28,1582923600,30.0, 0.728500, 0.013640, 0.312100, -0.119900, 0.158300,0.26379, 226.000000, 18.200000, 10 x 72,17.9,18.3,310.0,3.85,4.01, 133 x 31, 3.800000, -0.264340, 0.013860, 0.308290, -0.130490, -0.075650,0.24916, 319.000000,14.3,0.044,18.1,3.9299999999999997,0.0821917808219178,-0.9210332573010902,0.014630000000000032,0.9557871369550472,K<S,0.9447587283010903,None
1580331600, 2020-01-29 16:00,2020-01-29,16.0,324.34, 2020-02-21,1582318800,23.0, 0.788010, 0.013640, 0.239420, -0.116990, 0.122750,0.26937, 182.000000, 20.250000, 35 x 15,19.0,19.24,307.5,2.61,2.66, 11 x 4, 2.620000, -0.209500, 0.013370, 0.239780, -0.135530, -0.046810,0.25865, 821.000000,16.8,0.052,19.119999999999997,2.635,0.06301369863013699,-0.9247782642808176,0.010720000000000007,0.9480791761731517,K<S,0.9421628882808175,None
1580331600, 2020-01-29 16:00,2020-01-29,16.0,324.34, 2020-03-06,1583528400,37.0, 0.833990, 0.008450, 0.258320, -0.088490, 0.187310,0.28767, 5.000000, 31.900000, 77 x 88,28.8,29.55,297.5,2.33,2.41, 21 x 11, 2.250000, -0.154700, 0.008460, 0.248810, -0.090090, -0.054870,0.26971, 34.000000,26.8,0.083,29.175,2.37,0.10136986301369863,-0.9102425934136775,0.017959999999999976,0.9172473330455695,K<S,0.9393683254136775,None
1580331600, 2020-01-29 16:00,2020-01-29,16.0,324.34, 2020-02-21,1582318800,23.0, 0.584350, 0.018980, 0.323700, -0.155720, 0.108210,0.25151, , 10.250000, 35 x 21,10.2,10.31,320.0,6.16,6.3, 55 x 20, 6.150000, -0.414010, 0.019480, 0.323720, -0.175810, -0.091940,0.24056, ,4.3,0.013,10.254999999999999,6.23,0.06301369863013699,-0.91624543967405,0.010950000000000015,0.9866189800826294,K<S,0.9340030546740501,None
1580331600, 2020-01-29 16:00,2020-01-29,16.0,324.34, 2020-03-06,1583528400,37.0, 0.850520, 0.007680, 0.239800, -0.083290, 0.182010,0.29414, 2.000000, 33.200000, 71 x 55,31.0,31.75,295.0,2.02,2.12, 21 x 20, 2.020000, -0.136200, 0.007580, 0.228460, -0.085070, -0.047730,0.27452, 25.000000,29.3,0.09,31.375,2.0700000000000003,0.10136986301369863,-0.900126131061036,0.019620000000000026,0.909539372263674,K<S,0.9319438850610361,None
1580331600, 2020-01-29 16:00,2020-01-29,16.0,324.34, 2020-02-28,1582923600,30.0, 0.657720, 0.015380, 0.346050, -0.132210, 0.150620,0.25805, 250.000000, 15.950000, 45 x 46,14.39,14.7,315.0,5.25,5.44, 108 x 31, 5.320000, -0.337610, 0.015830, 0.344780, -0.144050, -0.097610,0.2438, 479.000000,9.3,0.029,14.545,5.345000000000001,0.0821917808219178,-0.9074446210988647,0.014250000000000013,0.9712030585188384,K<S,0.9305538460988647,None
1580331600, 2020-01-29 16:00,2020-01-29,16.0,324.34, 2020-02-28,1582923600,30.0, 0.871380, 0.007710, 0.194990, -0.080830, 0.141180,0.29907, 10.000000, 33.150000, 65 x 279,30.45,31.1,295.0,1.57,1.66, 34 x 10, 1.390000, -0.120010, 0.007520, 0.188590, -0.087380, -0.033790,0.28017, 149.000000,29.3,0.09,30.775,1.615,0.0821917808219178,-0.881799165907605,0.018900000000000028,0.909539372263674,K<S,0.912449295907605,None
1580331600, 2020-01-29 16:00,2020-01-29,16.0,324.34, 2020-02-21,1582318800,23.0, 0.630720, 0.018110, 0.312440, -0.151000, 0.113790,0.25531, 771.000000, 12.650000, 10 x 96,11.75,11.89,317.5,5.2,5.35, 35 x 56, 5.210000, -0.367150, 0.018580, 0.312430, -0.170460, -0.081480,0.24302, 893.000000,6.8,0.021,11.82,5.275,0.06301369863013699,-0.8899520045954024,0.012289999999999968,0.9789110193007339,K<S,0.9098826975954023,None
1580331600, 2020-01-29 16:00,2020-01-29,16.0,324.34, 2020-03-06,1583528400,37.0, 0.865110, 0.006930, 0.223520, -0.079000, 0.175680,0.30246, 13.000000, 35.550000, 74 x 37,33.35,33.95,292.5,1.76,1.86, 13 x 34, 1.780000, -0.121070, 0.006860, 0.210370, -0.078740, -0.042730,0.27976, 68.000000,31.8,0.098,33.650000000000006,1.81,0.10136986301369863,-0.8550096687084441,0.022699999999999998,0.9018314114817785,K<S,0.8918222587084441,None
1580331600, 2020-01-29 16:00,2020-01-29,16.0,324.34, 2020-02-28,1582923600,30.0, 0.884630, 0.006880, 0.180360, -0.077140, 0.135260,0.3085, 1.000000, 35.360000, 45 x 20,32.7,33.51,292.5,1.37,1.45, 33 x 32, 1.380000, -0.105210, 0.006730, 0.171670, -0.081110, -0.029590,0.28658, 26.000000,31.8,0.098,33.105000000000004,1.4100000000000001,0.0821917808219178,-0.8385934840086868,0.021919999999999995,0.9018314114817785,K<S,0.8741411480086868,None
1580331600, 2020-01-29 16:00,2020-01-29,16.0,324.34, 2020-02-28,1582923600,30.0, 0.833070, 0.009570, 0.234320, -0.095660, 0.153090,0.28809, 97.000000, 28.350000, 60 x 72,26.05,26.7,300.0,2.1,2.21, 23 x 133, 2.150000, -0.156260, 0.009410, 0.225970, -0.101030, -0.045360,0.26845, 998.000000,24.3,0.075,26.375,2.1550000000000002,0.0821917808219178,-0.8382105297054352,0.01963999999999999,0.9249552938274651,K<S,0.8700607177054351,None
1580331600, 2020-01-29 16:00,2020-01-29,16.0,324.34, 2020-02-28,1582923600,30.0, 0.852040, 0.008580, 0.215510, -0.089740, 0.148070,0.2953, 25.000000, 30.500000, 80 x 99,28.25,28.95,297.5,1.82,1.88, 32 x 31, 1.590000, -0.136110, 0.008450, 0.206450, -0.093880, -0.039160,0.27356, 121.000000,26.8,0.083,28.6,1.85,0.0821917808219178,-0.8000048478065196,0.02173999999999998,0.9172473330455695,K<S,0.8352606058065195,None
1580331600, 2020-01-29 16:00,2020-01-29,16.0,324.34, 2020-02-21,1582318800,23.0, 0.673530, 0.017210, 0.298850, -0.145590, 0.118430,0.2595, , 13.350000, 124 x 33,13.45,13.6,315.0,4.36,4.45, 66 x 56, 4.410000, -0.321370, 0.017560, 0.297470, -0.162130, -0.071710,0.24457, ,9.3,0.029,13.524999999999999,4.405,0.06301369863013699,-0.8086585695167585,0.014929999999999999,0.9712030585188384,K<S,0.8328705505167585,None
1580331600, 2020-01-29 16:00,2020-01-29,16.0,324.34, 2020-02-21,1582318800,23.0, 0.750730, 0.014820, 0.262540, -0.129640, 0.123410,0.26788, , 17.100000, 59 x 40,17.15,17.3,310.0,3.06,3.15, 266 x 43, 3.100000, -0.242330, 0.014830, 0.259780, -0.143820, -0.053740,0.25201, ,14.3,0.044,17.225,3.105,0.06301369863013699,-0.7960716993594623,0.015869999999999995,0.9557871369550472,K<S,0.8218080783594623,None
1580331600, 2020-01-29 16:00,2020-01-29,16.0,324.34, 2020-02-21,1582318800,23.0, 0.905930, 0.006630, 0.135980, -0.075630, 0.095100,0.31991, 0.000000, 27.270000, 45 x 227,32.25,33.05,292.5,1.04,1.09, 3 x 10, 1.050000, -0.089290, 0.006400, 0.133330, -0.086140, -0.019370,0.30225, 551.000000,31.8,0.098,32.65,1.065,0.06301369863013699,-0.7870176538088849,0.01766000000000001,0.9018314114817785,K<S,0.8156568758088849,None
1580331600, 2020-01-29 16:00,2020-01-29,16.0,324.34, 2020-02-21,1582318800,23.0, 0.857650, 0.009740, 0.184130, -0.096920, 0.113900,0.29557, , 25.700000, 85 x 351,25.45,26.04,300.0,1.59,1.66, 17 x 21, 1.630000, -0.134230, 0.009360, 0.180040, -0.107630, -0.030150,0.27696, ,24.3,0.075,25.744999999999997,1.625,0.06301369863013699,-0.7708979590448237,0.018610000000000015,0.9249552938274651,K<S,0.8010777960448238,None
1580331600, 2020-01-29 16:00,2020-01-29,16.0,324.34, 2020-02-21,1582318800,23.0, 0.833250, 0.010880, 0.205180, -0.107380, 0.118370,0.29151, 54.000000, 25.700000, 107 x 111,23.4,23.8,302.5,1.87,1.92, 13 x 4, 1.820000, -0.155920, 0.010610, 0.198810, -0.116180, -0.034320,0.27033, 491.000000,21.8,0.067,23.6,1.895,0.06301369863013699,-0.6921913941234656,0.021179999999999977,0.9326632546093606,K<S,0.7265390001234656,None
1580331600, 2020-01-29 16:00,2020-01-29,16.0,324.34, 2020-02-21,1582318800,23.0, 0.886170, 0.007650, 0.157840, -0.088530, 0.104710,0.32045, 229.000000, 30.500000, 31 x 189,30.11,30.8,295.0,1.19,1.21, 14 x 5, 1.220000, -0.100890, 0.007240, 0.146310, -0.091490, -0.022460,0.29195, ,29.3,0.09,30.455,1.2,0.06301369863013699,-0.6233110888875295,0.028500000000000025,0.909539372263674,K<S,0.6695295388875295,None
1580331600, 2020-01-29 16:00,2020-01-29,16.0,324.34, 2020-02-21,1582318800,23.0, 0.867390, 0.008700, 0.174800, -0.098050, 0.110430,0.31436, 24.000000, 30.000000, 60 x 87,27.9,28.5,297.5,1.37,1.43, 21 x 19, 1.330000, -0.117160, 0.008230, 0.162810, -0.099330, -0.025820,0.28468, 240.000000,26.8,0.083,28.2,1.4,0.06301369863013699,-0.5846045239661741,0.029679999999999984,0.9172473330455695,K<S,0.632736579966174,None
